//==============================================================================
//Monster Skill Elements File [KOR]
//#www.darksideofmu.com
//by DaRKav (darkav@hotmail.com)
//------------------------------------------------------------------------------
//Revision 05 Feb, 2011
//==============================================================================
//----------------------------------------------------------------------------------------------------------------------//
// 	Index	Name					Type	Rate	Sec   IDType  IDValue	Magic   Class	Level	//
//----------------------------------------------------------------------------------------------------------------------//

0							
	1	"Stern"					0	50	3	-1	-1	-1	0	0
	3	"MP Reduction"				3	50	10	2	50	-1	0	0
	4	"AG Reduce"				4	50	10	2	50	-1	0	0
	5	"Defense"				5	90	10	12	50	-1	0	0
	6	"Damage"				6	90	10	12	50	-1	0	0
	7	"Push"					9	50	10	-1	-1	-1	0	0
	8	"Dock"					2	30	10	112	10	-1	0	0
	9	"Ice"					1	90	10	12	50	-1	0	0
	11	"Duration"				7	90	10	12	7	-1	0	0
	12	"???"					2	90	10	101	5	-1	0	0
	13	"Treatment"				2	90	10	11	50	-1	0	0
	14	"HP Reduction"				2	90	10	12	100	-1	0	0
	16	"Summon"				8	90	10	0	-1	-1	0	0
	17	"Direction"				14	50	10	0	-1	27	0	0
	22	"???"					16	90	10	0	-1	28	0	0
	23	"Direct Land Hit"			16	90	10	0	-1	28	0	0
	24	"Kentauros - Multi Shot"		20	100	10	-1	-1	-1	0	0
	25	"Persona - Demon"			20	100	10	-1	-1	-1	0	0
	26	"Twin Tail - General"			20	100	10	-1	-1	-1	0	0
	27	"Twin Tail - Dock"			19	100	10	-1	10	800	0	0
	28	"Dreadfear - ???"			18	100	10	-1	-1	-1	0	0
	29	"Night Mare - Dock"			19	50	10	-1	5	-1	0	0
	30	"Night Mare - ??? - Shift"		20	100	10	-1	-1	-1	0	0
	31	"Night Mare - ??? - General"		20	100	10	-1	-1	-1	0	0
	32	"Night Mare - ??? - General"		20	100	10	13	38	-1	0	0
	33	"Night Mare - ??? - Shift"		9	100	10	-1	3	-1	0	0
	34	"Night Mare - Warp"			17	100	3	-1	-1	-1	0	0
	35	"Maya - Pressure - General"		20	100	10	-1	-1	-1	0	0
	36	"Maya - Pressure - Pushing"		9	50	10	-1	3	100	0	0
	37	"Maya - Pressure - Duration"		7	20	10	2	10	-1	0	0
	38	"Maya - Power - General"		20	100	10	-1	-1	-1	0	0
	39	"Maya - Ice Storm - Shift"		9	100	10	-1	-1	-1	0	0
	40	"Maya - Ice Storm - General"		20	100	10	-1	-1	-1	0	0
	41	"Maya - Broken shower - General"	20	100	10	-1	-1	-1	0	0
	42	"Maya - Broken shower - Stern"		0	10	3	-1	-1	-1	0	0
	43	"Stern 2"				0	60	3	-1	-1	-1	0	0
	44	"Shift 2"				9	30	10	-1	-1	-1	0	0
	45	"General Attack"			20	100	10	-1	-1	-1	0	0
	46	"쿨러틴-독구슬"				19	100	0	-1	10	-1	0	0
	47	"블로우"				18	100	0	0	-1	-1	0	0
	48	"세루판-독구슬"				19	100	0	-1	10	-1	0	0
	49	"세루판-냉기폭풍"			20	100	10	-1	-1	-1	0	0
	50	"세루판-냉기충격"			9	100	0	-1	10	-1	0	0
	51	"세루판-낙하"				9	100	0	-1	4	-1	0	0
	52	"세루판-소환"				8	100	0	-1	-1	-1	0	0
	53	"세루판-치료"				2	100	0	1	5	-1	0	0
	54	"세루판-얼리기"				0	100	5	-1	-1	-1	0	0
	55	"세루판-순간이동"			17	100	0	-1	-1	-1	0	0
	56	"세루판-무적"				21	100	10	11	10000	-1	0	0
	57	"세루판-광폭화"				6	100	-1	11	300	-1	0	0
end