//==============================================================================
//Monster Skill Unit File [KOR]
//#www.darksideofmu.com
//by DaRKav (darkav@hotmail.com)
//------------------------------------------------------------------------------
//Revision 05 Feb, 2011
//==============================================================================
//----------------------------------------------------------------------------------------------------------------------//
// 	Index	Name				Target	ScopeT	ScopeV	Delay	??	??	??	??	??	//
//----------------------------------------------------------------------------------------------------------------------//
0
	1	"Thunder Break"			1	0	6	300	1	45	-1	-1	-1
	2	"Bloody Wind"			1	0	6	300	45	7	-1	-1	-1
	3	"Fire Ray"			1	0	6	300	11	45	-1	-1	-1
	4	"Very"				1	-1	0	300	17	23	45	-1	-1
	5	"Vampries Rick Touch"		1	-1	0	300	3	45	-1	-1	-1
	6	"Dark Elf - Group Address"	2	-1	6	300	16	-1	-1	-1	-1
	7	"Dark Elf - Group Therapy"	2	-1	6	300	13	-1	-1	-1	-1
	8	"Dark Elf - Geomgi"		1	-1	6	300	43	45	-1	-1	-1
	9	"Balram - The Direction"	1	-1	0	300	17	45	-1	-1	-1
	10	"Death Spirit - Reduce Mana/AG"	1	-1	0	300	3	4	45	-1	-1
	11	"Soram - Push"			1	0	6	300	44	45	-1	-1	-1
	12	"Balgass - Direct Land Hit"	1	0	6	300	44	1	17	45	-1
	13	"Balgass - ???"			1	0	6	300	44	1	1	45	-1
	14	"Kentauros - Multi Shot"	1	1	6	300	24	-1	-1	-1	-1
	15	"Persona - Demon"		1	0	6	300	25	-1	-1	-1	-1
	16	"Twin Tail - Hair Attack"	1	-1	0	300	26	27	-1	-1	-1
	17	"Dreadfear - ???"		1	-1	0	300	28	-1	-1	-1	-1
	18	"Nightmare - ???"		1	-1	0	300	29	30	-1	-1	-1
	19	"Nightmare - ???"		1	1	6	300	31	-1	-1	-1	-1
	20	"Nightmare - Summon"		2	-1	0	300	-1	-1	-1	-1	-1
	21	"Nightmare - ???"		1	0	6	300	32	33	-1	-1	-1
	22	"Nightmare - Warp"		2	-1	0	300	34	-1	-1	-1	-1
	23	"Maya - Pressure"		1	0	6	300	35	36	37	-1	-1
	24	"Maya - Power Wave"		1	1	6	300	38	-1	-1	-1	-1
	25	"Maya - Ice Storm"		1	-1	6	300	39	40	-1	-1	-1
	26	"Maya - Ice Broken Shower"	1	-1	6	300	41	42	-1	-1	-1
	27	"???"				1	-1	0	0	1	-1	-1	-1	-1
	28	"???"				1	-1	0	0	8	1	-1	-1	-1
	29	"포효"				1	-1	0	300	43	-1	-1	-1	-1
	30	"짓밟기"			1	-1	0	300	44	-1	-1	-1	-1
	31	"분노의일격"			1	0	2	300	45	-1	-1	-1	-1
	32	"쿨러틴-독구슬"			1	-1	0	300	46	-1	-1	-1	-1
	33	"블로우"			1	-1	0	300	47	-1	-1	-1	-1
	34	"세루판-독구슬"			1	0	6	300	48	-1	-1	-1	-1
	35	"세루판-냉기폭풍"		1	0	8	300	49	-1	-1	-1	-1
	36	"세루판-냉기충격"		1	0	6	300	50	-1	-1	-1	-1
	37	"세루판-낙하"			1	0	4	300	51	-1	-1	-1	-1
	38	"세루판-소환"			2	-1	0	300	52	-1	-1	-1	-1
	39	"세루판-치료"			2	-1	0	300	53	-1	-1	-1	-1
	40	"세루판-얼리기"			1	-1	0	300	54	-1	-1	-1	-1
	41	"세루판-순간이동"		2	-1	0	300	55	-1	-1	-1	-1
	42	"세루판-무적"			2	-1	0	300	56	-1	-1	-1	-1
	43	"세루판-광폭화"			2	-1	0	300	57	-1	-1	-1	-1
end	
